# Teste 01

a<- 3+4*5-76/2
b<- 3+(4*5)-(76/2)
c<- (3+4)*5-76/2

# a = b = -15
# c = -3